0.0	0	1.99665355682373	6	-1
1.0	1	2.62596583366394	8	-1
2.0	2	2.50111818313599	7	-1
3.0	3	3.02548837661743	9	-1
4.0	4	3.31147837638855	10	-1
5.0	5	3.76385068893433	12	-1
6.0	6	3.97653603553772	12	-1
7.0	7	4.34959363937378	13	-1
8.0	8	4.70580530166626	15	-1
9.0	9	4.98985290527344	15	-1
10.0	10	5.22289705276489	16	-1
11.0	11	5.50140571594238	17	-1
12.0	12	5.79450225830078	18	-1
13.0	13	6.05897283554077	19	-1
14.0	14	0.0257223751395941	0	-1
15.0	15	0.315977096557617	1	-1
16.0	16	0.579005002975464	1	-1
17.0	17	0.867192029953003	2	-1
18.0	18	1.16885006427765	3	-1
19.0	19	1.47841942310333	4	-1
20.0	20	1.75032198429108	5	-1
21.0	21	2.05534720420837	6	-1
22.0	22	2.37434649467468	7	-1
23.0	23	2.66980814933777	8	-1
24.0	24	2.92198443412781	9	-1
25.0	25	3.24647498130798	10	-1
26.0	26	3.56177306175232	11	-1
27.0	27	3.85609793663025	12	-1
28.0	28	4.10795736312866	13	-1
29.0	29	4.41266012191772	14	-1
30.0	30	4.72141599655151	15	-1
31.0	31	5.00184869766235	15	-1
32.0	32	5.28390645980835	16	-1
33.0	33	5.57445001602173	17	-1
34.0	34	5.85064840316772	18	-1
35.0	35	6.13899660110474	19	-1
36.0	36	0.1528679728508	0	-1
37.0	37	0.428919017314911	1	-1
38.0	38	0.697651565074921	2	-1
39.0	39	0.974125564098358	3	-1
40.0	40	1.26450932025909	4	-1
41.0	41	1.54373753070831	4	-1
42.0	42	1.8264023065567	5	-1
43.0	43	2.12312483787537	6	-1
44.0	44	2.41200041770935	7	-1
45.0	45	2.68461585044861	8	-1
46.0	46	2.97397971153259	9	-1
47.0	47	3.27367091178894	10	-1
48.0	48	3.55948615074158	11	-1
49.0	49	3.831059217453	12	-1
50.0	50	4.11364126205444	13	-1
51.0	51	4.40505933761597	14	-1
52.0	52	4.68532991409302	14	-1
53.0	53	4.96799516677856	15	-1
54.0	54	5.26635885238647	16	-1
55.0	55	5.55632734298706	17	-1
56.0	56	5.83432626724243	18	-1
57.0	57	6.11900186538696	19	-1
58.0	58	0.125739753246307	0	-1
59.0	59	0.410697162151337	1	-1
60.0	60	0.684128940105438	2	-1
61.0	61	0.968524158000946	3	-1
62.0	62	1.26184713840485	4	-1
63.0	63	1.54361164569855	4	-1
64.0	64	1.8264023065567	5	-1
65.0	65	2.12312483787537	6	-1
66.0	66	2.41200041770935	7	-1
67.0	67	2.6886203289032	8	-1
68.0	68	2.97740912437439	9	-1
69.0	69	3.27367091178894	10	-1
70.0	70	3.55948615074158	11	-1
71.0	71	3.831059217453	12	-1
72.0	72	4.11364126205444	13	-1
73.0	73	4.40505933761597	14	-1
74.0	74	4.68532991409302	14	-1
75.0	75	4.96799516677856	15	-1
76.0	76	5.26471757888794	16	-1
77.0	77	5.55359315872192	17	-1
78.0	78	5.83021306991577	18	-1
79.0	79	6.11900186538696	19	-1
80.0	80	0.125739753246307	0	-1
81.0	81	0.410697162151337	1	-1
82.0	82	0.684128940105438	2	-1
83.0	83	0.968524158000946	3	-1
84.0	84	1.26184713840485	4	-1
85.0	85	1.54361164569855	4	-1
86.0	86	1.82732927799225	5	-1
87.0	87	2.12312483787537	6	-1
88.0	88	2.41200041770935	7	-1
89.0	89	2.6886203289032	8	-1
90.0	90	2.97740912437439	9	-1
91.0	91	3.27633261680603	10	-1
92.0	92	3.56089758872986	11	-1
93.0	93	3.831059217453	12	-1
94.0	94	4.11364126205444	13	-1
95.0	95	4.40505933761597	14	-1
96.0	96	4.68532991409302	14	-1
97.0	97	4.96799516677856	15	-1
98.0	98	5.26471757888794	16	-1
99.0	99	5.54859685897827	17	-1
100.0	100	5.82305192947388	18	-1
101.0	101	6.11068153381348	19	-1
102.0	102	0.116233520209789	0	-1
103.0	103	0.400070369243622	1	-1
104.0	104	0.67242020368576	2	-1
105.0	105	0.957034766674042	3	-1
106.0	106	1.25073158740997	3	-1
107.0	107	1.53410828113556	4	-1
108.0	108	1.81967890262604	5	-1
109.0	109	2.11973357200623	6	-1
110.0	110	2.40891146659851	7	-1
111.0	111	2.68778586387634	8	-1
112.0	112	2.98359942436218	9	-1
113.0	113	3.28772234916687	10	-1
114.0	114	3.58341193199158	11	-1
115.0	115	3.86111617088318	12	-1
116.0	116	4.15813779830933	13	-1
117.0	117	4.46431398391724	14	-1
118.0	118	4.76565790176392	15	-1
119.0	119	5.08059549331665	16	-1
120.0	120	5.37704515457153	17	-1
121.0	121	5.66816759109497	18	-1
122.0	122	5.94548463821411	18	-1
123.0	123	6.24209070205688	19	-1
124.0	124	0.240507304668427	0	-1
125.0	125	0.514866054058075	1	-1
126.0	126	0.794901549816132	2	-1
127.0	127	1.08872425556183	3	-1
128.0	128	1.39557182788849	4	-1
129.0	129	1.69440186023712	5	-1
130.0	130	2.00368285179138	6	-1
131.0	131	2.29826331138611	7	-1
132.0	132	2.57747054100037	8	-1
133.0	133	2.84851241111755	9	-1
134.0	134	3.1357524394989	10	-1
135.0	135	3.41196799278259	10	-1
136.0	136	3.67889666557312	11	-1
137.0	137	3.95261645317078	12	-1
138.0	138	4.23878335952759	13	-1
139.0	139	4.53993368148804	14	-1
140.0	140	4.83356332778931	15	-1
141.0	141	5.13759565353394	16	-1
142.0	142	5.42628812789917	17	-1
143.0	143	5.70772695541382	18	-1
144.0	144	5.97904539108276	19	-1
145.0	145	6.2668399810791	19	-1
146.0	146	0.270374953746796	0	-1
147.0	147	0.537303626537323	1	-1
148.0	148	0.812648475170135	2	-1
149.0	149	1.09754049777985	3	-1
150.0	150	1.39863264560699	4	-1
151.0	151	1.69136726856232	5	-1
152.0	152	1.99812471866608	6	-1
153.0	153	2.29046225547791	7	-1
154.0	154	2.56613421440125	8	-1
155.0	155	2.83745265007019	9	-1
156.0	156	3.12524771690369	9	-1
157.0	157	3.41196799278259	10	-1
158.0	158	3.67889666557312	11	-1
159.0	159	3.95261645317078	12	-1
160.0	160	4.23878335952759	13	-1
161.0	161	4.53993368148804	14	-1
162.0	162	4.83356332778931	15	-1
163.0	163	5.13692426681519	16	-1
164.0	164	5.43005323410034	17	-1
165.0	165	5.70772695541382	18	-1
166.0	166	5.97904539108276	19	-1
167.0	167	6.2668399810791	19	-1
168.0	168	0.270374953746796	0	-1
169.0	169	0.537303626537323	1	-1
170.0	170	0.812648475170135	2	-1
171.0	171	1.09754049777985	3	-1
172.0	172	1.3993045091629	4	-1
173.0	173	1.69198620319366	5	-1
174.0	174	1.99673044681549	6	-1
175.0	175	2.2878406047821	7	-1
176.0	176	2.56603980064392	8	-1
177.0	177	2.83223128318787	9	-1
178.0	178	3.11868071556091	9	-1
179.0	179	3.40504336357117	10	-1
180.0	180	3.67138838768005	11	-1
181.0	181	3.94608569145203	12	-1
182.0	182	4.23388147354126	13	-1
183.0	183	4.53803014755249	14	-1
184.0	184	4.83557939529419	15	-1
185.0	185	5.14653730392456	16	-1
186.0	186	5.44487619400024	17	-1
187.0	187	5.7298150062561	18	-1
188.0	188	6.00370073318481	19	-1
189.0	189	0.00645893393084407	0	-1
190.0	190	0.30051726102829	0	-1
191.0	191	0.572062194347382	1	-1
192.0	192	0.855864703655243	2	-1
193.0	193	1.14873707294464	3	-1
194.0	194	1.45774900913239	4	-1
195.0	195	1.76183092594147	5	-1
196.0	196	2.07482409477234	6	-1
197.0	197	2.37965750694275	7	-1
198.0	198	2.6648633480072	8	-1
199.0	199	2.9624764919281	9	-1
200.0	200	3.26811671257019	10	-1
201.0	201	3.56272482872009	11	-1
202.0	202	3.83729147911072	12	-1
203.0	203	4.12440633773804	13	-1
204.0	204	4.41424608230591	14	-1
205.0	205	4.69913721084595	14	-1
206.0	206	4.98429822921753	15	-1
207.0	207	5.28218507766724	16	-1
208.0	208	5.57163381576538	17	-1
209.0	209	5.84647130966187	18	-1
210.0	210	6.13410234451294	19	-1
211.0	211	0.144297778606415	0	-1
212.0	212	0.428919017314911	1	-1
213.0	213	0.697651565074921	2	-1
214.0	214	0.977593123912811	3	-1
215.0	215	1.26346695423126	4	-1
216.0	216	1.54373753070831	4	-1
217.0	217	1.8264023065567	5	-1
218.0	218	2.12312483787537	6	-1
219.0	219	2.41200041770935	7	-1
220.0	220	2.6886203289032	8	-1
221.0	221	2.97740912437439	9	-1
222.0	222	3.27298808097839	10	-1
223.0	223	3.55948615074158	11	-1
224.0	224	3.831059217453	12	-1
225.0	225	4.11364126205444	13	-1
226.0	226	4.40505933761597	14	-1
227.0	227	4.68532991409302	14	-1
228.0	228	4.96799516677856	15	-1
229.0	229	5.26471757888794	16	-1
230.0	230	5.55359315872192	17	-1
231.0	231	5.83021306991577	18	-1
232.0	232	6.11900186538696	19	-1
233.0	233	0.134056746959686	0	-1
234.0	234	0.417893588542938	1	-1
235.0	235	0.689466178417206	2	-1
236.0	236	0.972049415111542	3	-1
237.0	237	1.26346695423126	4	-1
238.0	238	1.54373753070831	4	-1
239.0	239	1.8264023065567	5	-1
240.0	240	2.12312483787537	6	-1
241.0	241	2.41200041770935	7	-1
242.0	242	2.6886203289032	8	-1
243.0	243	2.97740912437439	9	-1
244.0	244	3.27564978599548	10	-1
245.0	245	3.55948615074158	11	-1
246.0	246	3.831059217453	12	-1
247.0	247	4.11364126205444	13	-1
248.0	248	4.40505933761597	14	-1
249.0	249	4.68532991409302	14	-1
250.0	250	4.96799516677856	15	-1
251.0	251	5.26471757888794	16	-1
252.0	252	5.55359315872192	17	-1
253.0	253	5.83021306991577	18	-1
254.0	254	6.11900186538696	19	-1
255.0	255	0.134056746959686	0	-1
256.0	256	0.417893588542938	1	-1
257.0	257	0.689466178417206	2	-1
258.0	258	0.972049415111542	3	-1
259.0	259	1.26346695423126	4	-1
260.0	260	1.54373753070831	4	-1
261.0	261	1.8264023065567	5	-1
262.0	262	2.12312483787537	6	-1
263.0	263	2.41200041770935	7	-1
264.0	264	2.6886203289032	8	-1
265.0	265	2.97740912437439	9	-1
266.0	266	3.27564978599548	10	-1
267.0	267	3.55948615074158	11	-1
268.0	268	3.831059217453	12	-1
269.0	269	4.11364126205444	13	-1
270.0	270	4.40505933761597	14	-1
271.0	271	4.68532991409302	14	-1
272.0	272	4.96799516677856	15	-1
273.0	273	5.26471757888794	16	-1
274.0	274	5.55359315872192	17	-1
275.0	275	5.83021306991577	18	-1
276.0	276	6.11900186538696	19	-1
277.0	277	0.134056746959686	0	-1
278.0	278	0.417893588542938	1	-1
279.0	279	0.689466178417206	2	-1
280.0	280	0.972049415111542	3	-1
281.0	281	1.26346695423126	4	-1
282.0	282	1.54373753070831	4	-1
283.0	283	1.8264023065567	5	-1
284.0	284	2.12312483787537	6	-1
285.0	285	2.41200041770935	7	-1
286.0	286	2.6886203289032	8	-1
287.0	287	2.97740912437439	9	-1
288.0	288	3.27564978599548	10	-1
289.0	289	3.55948615074158	11	-1
290.0	290	3.831059217453	12	-1
291.0	291	4.11364126205444	13	-1
292.0	292	4.40505933761597	14	-1
293.0	293	4.68532991409302	14	-1
294.0	294	4.96799516677856	15	-1
295.0	295	5.26471757888794	16	-1
296.0	296	5.55359315872192	17	-1
297.0	297	5.83021306991577	18	-1
298.0	298	6.11900186538696	19	-1
299.0	299	0.134056746959686	0	-1
300.0	300	0.417893588542938	1	-1
301.0	301	0.689466178417206	2	-1
302.0	302	0.972049415111542	3	-1
303.0	303	1.26346695423126	4	-1
304.0	304	1.54373753070831	4	-1
305.0	305	1.8264023065567	5	-1
306.0	306	2.12312483787537	6	-1
307.0	307	2.41200041770935	7	-1
308.0	308	2.6886203289032	8	-1
309.0	309	2.97740912437439	9	-1
310.0	310	3.27564978599548	10	-1
311.0	311	3.55948615074158	11	-1
312.0	312	3.831059217453	12	-1
313.0	313	4.11364126205444	13	-1
314.0	314	4.40505933761597	14	-1
315.0	315	4.68532991409302	14	-1
316.0	316	4.96799516677856	15	-1
317.0	317	5.26471757888794	16	-1
318.0	318	5.55359315872192	17	-1
319.0	319	5.83021306991577	18	-1
320.0	320	6.11900186538696	19	-1
321.0	321	0.134056746959686	0	-1
322.0	322	0.417893588542938	1	-1
323.0	323	0.689466178417206	2	-1
324.0	324	0.972049415111542	3	-1
325.0	325	1.26346695423126	4	-1
326.0	326	1.54373753070831	4	-1
327.0	327	1.82801306247711	5	-1
328.0	328	2.1259171962738	6	-1
329.0	329	2.41538882255554	7	-1
330.0	330	2.6886203289032	8	-1
331.0	331	2.97740912437439	9	-1
332.0	332	3.27564978599548	10	-1
333.0	333	3.55948615074158	11	-1
334.0	334	3.831059217453	12	-1
335.0	335	4.11404275894165	13	-1
336.0	336	4.40553998947144	14	-1
337.0	337	4.68532991409302	14	-1
338.0	338	4.96799516677856	15	-1
339.0	339	5.26471757888794	16	-1
340.0	340	5.55359315872192	17	-1
341.0	341	5.83021306991577	18	-1
342.0	342	6.11900186538696	19	-1
343.0	343	0.134056746959686	0	-1
344.0	344	0.417893588542938	1	-1
345.0	345	0.689466178417206	2	-1
346.0	346	0.972450435161591	3	-1
347.0	347	1.26394760608673	4	-1
348.0	348	1.54373753070831	4	-1
349.0	349	1.82801306247711	5	-1
350.0	350	2.1259171962738	6	-1
351.0	351	2.41036295890808	7	-1
352.0	352	2.6814591884613	8	-1
353.0	353	2.96908926963806	9	-1
354.0	354	3.26547884941101	10	-1
355.0	355	3.54892611503601	11	-1
356.0	356	3.81945204734802	12	-1
357.0	357	4.10267496109009	13	-1
358.0	358	4.39454221725464	14	-1
359.0	359	4.67587518692017	14	-1
360.0	360	4.96289110183716	15	-1
361.0	361	5.26420259475708	16	-1
362.0	362	5.55924654006958	17	-1
363.0	363	5.83687162399292	18	-1
364.0	364	6.13390874862671	19	-1
365.0	365	0.150039851665497	0	-1
366.0	366	0.443733394145966	1	-1
367.0	367	0.724465072154999	2	-1
368.0	368	1.01878654956818	3	-1
369.0	369	1.32678282260895	4	-1
370.0	370	1.63299763202667	5	-1
371.0	371	1.95034468173981	6	-1
372.0	372	2.24976801872253	7	-1
373.0	373	2.54023337364197	8	-1
374.0	374	2.81891131401062	8	-1
375.0	375	3.10757422447205	9	-1
376.0	376	3.39157843589783	10	-1
377.0	377	3.65633654594421	11	-1
378.0	378	3.93006587028503	12	-1
379.0	379	4.21651029586792	13	-1
380.0	380	4.5198826789856	14	-1
381.0	381	4.81038427352905	15	-1
382.0	382	5.10141324996948	16	-1
383.0	383	5.41017007827759	17	-1
384.0	384	5.70067644119263	18	-1
385.0	385	5.99614381790161	19	-1
386.0	386	0.015686210244894	0	-1
387.0	387	0.319356143474579	1	-1
388.0	388	0.616163909435272	1	-1
389.0	389	0.898480594158173	2	-1
390.0	390	1.19507658481598	3	-1
391.0	391	1.4839893579483	4	-1
392.0	392	1.77500307559967	5	-1
393.0	393	2.08158564567566	6	-1
394.0	394	2.37817931175232	7	-1
395.0	395	2.66563391685486	8	-1
396.0	396	2.95614790916443	9	-1
397.0	397	3.26089835166931	10	-1
398.0	398	3.54816508293152	11	-1
399.0	399	3.82225775718689	12	-1
400.0	400	4.10796213150024	13	-1
401.0	401	4.40013360977173	14	-1
402.0	402	4.68604707717896	14	-1
403.0	403	4.97397565841675	15	-1
404.0	404	5.27289247512817	16	-1
405.0	405	5.56444406509399	17	-1
406.0	406	5.84124231338501	18	-1
407.0	407	6.12927484512329	19	-1
408.0	408	0.140897452831268	0	-1
409.0	409	0.417893588542938	1	-1
410.0	410	0.689466178417206	2	-1
411.0	411	0.970814406871796	3	-1
412.0	412	1.26251518726349	4	-1
413.0	413	1.54363596439362	4	-1
414.0	414	1.82524836063385	5	-1
415.0	415	2.12123370170593	6	-1
416.0	416	2.40992426872253	7	-1
417.0	417	2.6886203289032	8	-1
418.0	418	2.97740912437439	9	-1
419.0	419	3.27564978599548	10	-1
420.0	420	3.55948615074158	11	-1
421.0	421	3.831059217453	12	-1
422.0	422	4.11240720748901	13	-1
423.0	423	4.40410757064819	14	-1
424.0	424	4.68522882461548	14	-1
425.0	425	4.96799516677856	15	-1
426.0	426	5.26471757888794	16	-1
427.0	427	5.55359315872192	17	-1
428.0	428	5.83021306991577	18	-1
429.0	429	6.11900186538696	19	-1
430.0	430	0.134056746959686	0	-1
431.0	431	0.417893588542938	1	-1
432.0	432	0.689466178417206	2	-1
433.0	433	0.972049415111542	3	-1
434.0	434	1.26251518726349	4	-1
435.0	435	1.54373753070831	4	-1
436.0	436	1.8264023065567	5	-1
437.0	437	2.12123370170593	6	-1
438.0	438	2.40992426872253	7	-1
439.0	439	2.6886203289032	8	-1
440.0	440	2.97740912437439	9	-1
441.0	441	3.27564978599548	10	-1
442.0	442	3.55948615074158	11	-1
443.0	443	3.831059217453	12	-1
444.0	444	4.11364126205444	13	-1
445.0	445	4.40505933761597	14	-1
446.0	446	4.68532991409302	14	-1
447.0	447	4.96799516677856	15	-1
448.0	448	5.26471757888794	16	-1
449.0	449	5.55359315872192	17	-1
450.0	450	5.83021306991577	18	-1
451.0	451	6.11900186538696	19	-1
452.0	452	0.134056746959686	0	-1
453.0	453	0.417893588542938	1	-1
454.0	454	0.689466178417206	2	-1
455.0	455	0.972049415111542	3	-1
456.0	456	1.26346695423126	4	-1
457.0	457	1.54373753070831	4	-1
458.0	458	1.8264023065567	5	-1
459.0	459	2.12312483787537	6	-1
460.0	460	2.41200041770935	7	-1
461.0	461	2.6886203289032	8	-1
462.0	462	2.97740912437439	9	-1
463.0	463	3.27564978599548	10	-1
464.0	464	3.55948615074158	11	-1
465.0	465	3.831059217453	12	-1
466.0	466	4.11364126205444	13	-1
467.0	467	4.40505933761597	14	-1
468.0	468	4.68532991409302	14	-1
469.0	469	4.96799516677856	15	-1
470.0	470	5.26471757888794	16	-1
471.0	471	5.55359315872192	17	-1
472.0	472	5.83021306991577	18	-1
473.0	473	6.11900186538696	19	-1
474.0	474	0.134056746959686	0	-1
475.0	475	0.417893588542938	1	-1
476.0	476	0.689466178417206	2	-1
477.0	477	0.972049415111542	3	-1
478.0	478	1.26346695423126	4	-1
479.0	479	1.54373753070831	4	-1
480.0	480	1.8264023065567	5	-1
481.0	481	2.12312483787537	6	-1
482.0	482	2.41200041770935	7	-1
483.0	483	2.6886203289032	8	-1
484.0	484	2.97740912437439	9	-1
485.0	485	3.27564978599548	10	-1
486.0	486	3.55948615074158	11	-1
487.0	487	3.831059217453	12	-1
488.0	488	4.11364126205444	13	-1
489.0	489	4.40505933761597	14	-1
490.0	490	4.68532991409302	14	-1
491.0	491	4.96799516677856	15	-1
492.0	492	5.26471757888794	16	-1
493.0	493	5.55359315872192	17	-1
494.0	494	5.83021306991577	18	-1
495.0	495	6.11900186538696	19	-1
496.0	496	0.134056746959686	0	-1
497.0	497	0.417893588542938	1	-1
498.0	498	0.689466178417206	2	-1
499.0	499	0.972049415111542	3	-1
500.0	500	1.26346695423126	4	-1
501.0	501	1.54373753070831	4	-1
502.0	502	1.8264023065567	5	-1
503.0	503	2.12312483787537	6	-1
504.0	504	2.41200041770935	7	-1
505.0	505	2.6886203289032	8	-1
506.0	506	2.97740912437439	9	-1
507.0	507	3.27564978599548	10	-1
508.0	508	3.55948615074158	11	-1
509.0	509	3.831059217453	12	-1
510.0	510	4.11364126205444	13	-1
511.0	511	4.40505933761597	14	-1
512.0	512	4.68532991409302	14	-1
513.0	513	4.96799516677856	15	-1
514.0	514	5.26471757888794	16	-1
515.0	515	5.55359315872192	17	-1
516.0	516	5.83021306991577	18	-1
517.0	517	6.11900186538696	19	-1
518.0	518	0.134056746959686	0	-1
519.0	519	0.417893588542938	1	-1
520.0	520	0.689466178417206	2	-1
521.0	521	0.972049415111542	3	-1
522.0	522	1.26346695423126	4	-1
523.0	523	1.54373753070831	4	-1
524.0	524	1.8264023065567	5	-1
525.0	525	2.12312483787537	6	-1
526.0	526	2.41200041770935	7	-1
527.0	527	2.6886203289032	8	-1
528.0	528	2.97740912437439	9	-1
529.0	529	3.27564978599548	10	-1
530.0	530	3.55948615074158	11	-1
531.0	531	3.831059217453	12	-1
532.0	532	4.11364126205444	13	-1
533.0	533	4.40505933761597	14	-1
534.0	534	4.68532991409302	14	-1
535.0	535	4.96960592269897	15	-1
536.0	536	5.26750993728638	16	-1
537.0	537	5.55698156356812	17	-1
538.0	538	5.83021306991577	18	-1
539.0	539	6.11900186538696	19	-1
540.0	540	0.134056746959686	0	-1
541.0	541	0.417893588542938	1	-1
542.0	542	0.689466178417206	2	-1
543.0	543	0.972450435161591	3	-1
544.0	544	1.26394760608673	4	-1
545.0	545	1.54373753070831	4	-1
546.0	546	1.8264023065567	5	-1
547.0	547	2.12312483787537	6	-1
548.0	548	2.41200041770935	7	-1
549.0	549	2.6886203289032	8	-1
550.0	550	2.97740912437439	9	-1
551.0	551	3.26922678947449	10	-1
552.0	552	3.55220484733582	11	-1
553.0	553	3.82432627677917	12	-1
554.0	554	4.10802602767944	13	-1
555.0	555	4.40143537521362	14	-1
556.0	556	4.68470907211304	14	-1
557.0	557	4.97294664382935	15	-1
558.0	558	5.27590417861938	16	-1
559.0	559	5.57016324996948	17	-1
560.0	560	5.85272169113159	18	-1
561.0	561	6.14266729354858	19	-1
562.0	562	0.164748847484589	0	-1
563.0	563	0.454162776470184	1	-1
564.0	564	0.733388602733612	2	-1
565.0	565	1.02189791202545	3	-1
566.0	566	1.32111942768097	4	-1
567.0	567	1.60772097110748	5	-1
568.0	568	1.89582216739655	6	-1
569.0	569	2.20326018333435	7	-1
570.0	570	2.49373984336853	7	-1
571.0	571	2.79024004936218	8	-1
572.0	572	3.08875250816345	9	-1
573.0	573	3.38539862632751	10	-1
574.0	574	3.67181468009949	11	-1
575.0	575	3.94941115379333	12	-1
576.0	576	4.22585248947144	13	-1
577.0	577	4.49883604049683	14	-1
578.0	578	4.77061033248901	15	-1
579.0	579	5.04614973068237	16	-1
580.0	580	5.33547163009644	17	-1
581.0	581	5.62030649185181	17	-1
582.0	582	5.89098787307739	18	-1
583.0	583	6.16918468475342	19	-1
584.0	584	0.177605807781219	0	-1
585.0	585	0.459829986095428	1	-1
586.0	586	0.732249915599823	2	-1
587.0	587	1.01634466648102	3	-1
588.0	588	1.31267988681793	4	-1
589.0	589	1.59897720813751	5	-1
590.0	590	1.88907110691071	6	-1
591.0	591	2.19859099388123	7	-1
592.0	592	2.49370646476746	7	-1
593.0	593	2.79971575737	8	-1
594.0	594	3.10113120079041	9	-1
595.0	595	3.40588450431824	10	-1
596.0	596	3.70008540153503	11	-1
597.0	597	3.98717284202576	12	-1
598.0	598	4.2765212059021	13	-1
599.0	599	4.55556154251099	14	-1
600.0	600	4.83373594284058	15	-1
601.0	601	5.11268186569214	16	-1
602.0	602	5.40752267837524	17	-1
603.0	603	5.68912744522095	18	-1
604.0	604	5.98040914535522	19	-1
605.0	605	6.27387762069702	20	-1
606.0	606	0.279983699321747	0	-1
607.0	607	0.565521419048309	1	-1
608.0	608	0.842931926250458	2	-1
609.0	609	1.12435114383698	3	-1
610.0	610	1.39839851856232	4	-1
611.0	611	1.67478477954865	5	-1
612.0	612	1.95530092716217	6	-1
613.0	613	2.25235629081726	7	-1
614.0	614	2.54004740715027	8	-1
615.0	615	2.83652567863464	9	-1
616.0	616	3.13981032371521	10	-1
617.0	617	3.43712592124939	10	-1
618.0	618	3.73610281944275	11	-1
619.0	619	4.020179271698	12	-1
620.0	620	4.32390165328979	13	-1
621.0	621	4.61339139938354	14	-1
622.0	622	4.90664625167847	15	-1
623.0	623	5.21541738510132	16	-1
624.0	624	5.51394033432007	17	-1
625.0	625	5.79778146743774	18	-1
626.0	626	6.0928053855896	19	-1
627.0	627	0.115787200629711	0	-1
628.0	628	0.40317314863205	1	-1
629.0	629	0.672092616558075	2	-1
630.0	630	0.960553348064423	3	-1
631.0	631	1.25854122638702	4	-1
632.0	632	1.54445469379425	4	-1
633.0	633	1.83117544651031	5	-1
634.0	634	2.12962412834167	6	-1
635.0	635	2.42007803916931	7	-1
636.0	636	2.69964957237244	8	-1
637.0	637	2.98768305778503	9	-1
638.0	638	3.28514456748962	10	-1
639.0	639	3.55948615074158	11	-1
640.0	640	3.82985091209412	12	-1
641.0	641	4.11240720748901	13	-1
642.0	642	4.40410757064819	14	-1
643.0	643	4.68522882461548	14	-1
644.0	644	4.96918630599976	15	-1
645.0	645	5.26282644271851	16	-1
646.0	646	5.55151605606079	17	-1
647.0	647	5.83021306991577	18	-1
648.0	648	6.11900186538696	19	-1
649.0	649	0.134056746959686	0	-1
650.0	650	0.417893588542938	1	-1
651.0	651	0.689466178417206	2	-1
652.0	652	0.970814406871796	3	-1
653.0	653	1.26251518726349	4	-1
654.0	654	1.54373753070831	4	-1
655.0	655	1.8264023065567	5	-1
656.0	656	2.12123370170593	6	-1
657.0	657	2.40992426872253	7	-1
658.0	658	2.6886203289032	8	-1
659.0	659	2.97740912437439	9	-1
660.0	660	3.27564978599548	10	-1
661.0	661	3.55948615074158	11	-1
662.0	662	3.831059217453	12	-1
663.0	663	4.11240720748901	13	-1
664.0	664	4.40410757064819	14	-1
665.0	665	4.68532991409302	14	-1
666.0	666	4.96799516677856	15	-1
667.0	667	5.26471757888794	16	-1
668.0	668	5.55359315872192	17	-1
669.0	669	5.83021306991577	18	-1
670.0	670	6.11900186538696	19	-1
671.0	671	0.134056746959686	0	-1
672.0	672	0.417893588542938	1	-1
673.0	673	0.689466178417206	2	-1
674.0	674	0.972049415111542	3	-1
675.0	675	1.26346695423126	4	-1
676.0	676	1.54373753070831	4	-1
677.0	677	1.8264023065567	5	-1
678.0	678	2.12312483787537	6	-1
679.0	679	2.41200041770935	7	-1
680.0	680	2.6886203289032	8	-1
681.0	681	2.97740912437439	9	-1
682.0	682	3.27564978599548	10	-1
683.0	683	3.55948615074158	11	-1
684.0	684	3.831059217453	12	-1
685.0	685	4.11364126205444	13	-1
686.0	686	4.40505933761597	14	-1
687.0	687	4.68532991409302	14	-1
688.0	688	4.96799516677856	15	-1
689.0	689	5.26471757888794	16	-1
690.0	690	5.55359315872192	17	-1
691.0	691	5.83021306991577	18	-1
692.0	692	6.11900186538696	19	-1
693.0	693	0.134056746959686	0	-1
694.0	694	0.417893588542938	1	-1
695.0	695	0.689466178417206	2	-1
696.0	696	0.972049415111542	3	-1
697.0	697	1.26346695423126	4	-1
698.0	698	1.54373753070831	4	-1
699.0	699	1.8264023065567	5	-1
700.0	700	2.12312483787537	6	-1
701.0	701	2.41200041770935	7	-1
702.0	702	2.6886203289032	8	-1
703.0	703	2.97740912437439	9	-1
704.0	704	3.27564978599548	10	-1
705.0	705	3.55948615074158	11	-1
706.0	706	3.831059217453	12	-1
707.0	707	4.11364126205444	13	-1
708.0	708	4.40505933761597	14	-1
709.0	709	4.68532991409302	14	-1
710.0	710	4.96799516677856	15	-1
711.0	711	5.26471757888794	16	-1
712.0	712	5.55359315872192	17	-1
713.0	713	5.83021306991577	18	-1
714.0	714	6.11900186538696	19	-1
715.0	715	0.134056746959686	0	-1
716.0	716	0.417893588542938	1	-1
717.0	717	0.689466178417206	2	-1
718.0	718	0.972049415111542	3	-1
719.0	719	1.26346695423126	4	-1
720.0	720	1.54373753070831	4	-1
721.0	721	1.8264023065567	5	-1
722.0	722	2.12312483787537	6	-1
723.0	723	2.41200041770935	7	-1
724.0	724	2.6886203289032	8	-1
725.0	725	2.97740912437439	9	-1
726.0	726	3.27564978599548	10	-1
727.0	727	3.55948615074158	11	-1
728.0	728	3.831059217453	12	-1
729.0	729	4.11364126205444	13	-1
730.0	730	4.40505933761597	14	-1
731.0	731	4.68532991409302	14	-1
732.0	732	4.96799516677856	15	-1
733.0	733	5.26471757888794	16	-1
734.0	734	5.55359315872192	17	-1
735.0	735	5.83021306991577	18	-1
736.0	736	6.11900186538696	19	-1
737.0	737	0.134056746959686	0	-1
738.0	738	0.417893588542938	1	-1
739.0	739	0.689466178417206	2	-1
740.0	740	0.972049415111542	3	-1
741.0	741	1.26346695423126	4	-1
742.0	742	1.54373753070831	4	-1
743.0	743	1.8264023065567	5	-1
744.0	744	2.12312483787537	6	-1
745.0	745	2.41200041770935	7	-1
746.0	746	2.6886203289032	8	-1
747.0	747	2.97740912437439	9	-1
748.0	748	3.27564978599548	10	-1
749.0	749	3.55948615074158	11	-1
750.0	750	3.831059217453	12	-1
751.0	751	4.11364126205444	13	-1
752.0	752	4.40505933761597	14	-1
753.0	753	4.68532991409302	14	-1
754.0	754	4.96799516677856	15	-1
755.0	755	5.26471757888794	16	-1
756.0	756	5.55359315872192	17	-1
757.0	757	5.83021306991577	18	-1
758.0	758	6.11900186538696	19	-1
759.0	759	0.134056746959686	0	-1
760.0	760	0.417893588542938	1	-1
761.0	761	0.689466178417206	2	-1
762.0	762	0.972049415111542	3	-1
763.0	763	1.26346695423126	4	-1
764.0	764	1.54373753070831	4	-1
765.0	765	1.8264023065567	5	-1
766.0	766	2.12312483787537	6	-1
767.0	767	2.41200041770935	7	-1
768.0	768	2.6886203289032	8	-1
769.0	769	2.97740912437439	9	-1
770.0	770	3.27564978599548	10	-1
771.0	771	3.55948615074158	11	-1
772.0	772	3.831059217453	12	-1
773.0	773	4.11364126205444	13	-1
774.0	774	4.40505933761597	14	-1
775.0	775	4.68532991409302	14	-1
776.0	776	4.96799516677856	15	-1
777.0	777	5.26471757888794	16	-1
778.0	778	5.55359315872192	17	-1
779.0	779	5.83021306991577	18	-1
780.0	780	6.11900186538696	19	-1
781.0	781	0.134739577770233	0	-1
782.0	782	0.417893588542938	1	-1
783.0	783	0.689466178417206	2	-1
784.0	784	0.972450435161591	3	-1
785.0	785	1.26346695423126	4	-1
786.0	786	1.54373753070831	4	-1
787.0	787	1.82801306247711	5	-1
788.0	788	2.1259171962738	6	-1
789.0	789	2.41036295890808	7	-1
790.0	790	2.6814591884613	8	-1
791.0	791	2.96908926963806	9	-1
792.0	792	3.26616358757019	10	-1
793.0	793	3.54892611503601	11	-1
794.0	794	3.81401324272156	12	-1
795.0	795	4.09904527664185	13	-1
796.0	796	4.39232397079468	14	-1
797.0	797	4.67587518692017	14	-1
798.0	798	4.96289110183716	15	-1
799.0	799	5.26420259475708	16	-1
800.0	800	5.55400514602661	17	-1
801.0	801	5.82937860488892	18	-1
802.0	802	6.1251916885376	19	-1
803.0	803	0.146129786968231	0	-1
804.0	804	0.440349280834198	1	-1
805.0	805	0.71952360868454	2	-1
806.0	806	1.01344978809357	3	-1
807.0	807	1.32313883304596	4	-1
808.0	808	1.624471783638	5	-1
809.0	809	1.94150030612946	6	-1
810.0	810	2.23908877372742	7	-1
811.0	811	2.53071188926697	8	-1
812.0	812	2.80389189720154	8	-1
813.0	813	3.10049796104431	9	-1
814.0	814	3.38209986686707	10	-1
815.0	815	3.65493845939636	11	-1
816.0	816	3.93649458885193	12	-1
817.0	817	4.23031663894653	13	-1
818.0	818	4.53746747970581	14	-1
819.0	819	4.83694791793823	15	-1
820.0	820	5.14527559280396	16	-1
821.0	821	5.43985605239868	17	-1
822.0	822	5.72325086593628	18	-1
823.0	823	5.99010419845581	19	-1
824.0	824	6.27734470367432	20	-1
825.0	825	0.263450801372528	0	-1
826.0	826	0.529795348644257	1	-1
827.0	827	0.804493606090546	2	-1
828.0	828	1.0922886133194	3	-1
829.0	829	1.39490807056427	4	-1
830.0	830	1.69461739063263	5	-1
831.0	831	2.00327658653259	6	-1
832.0	832	2.30120921134949	7	-1
833.0	833	2.58822321891785	8	-1
834.0	834	2.86051821708679	9	-1
835.0	835	3.14805197715759	10	-1
836.0	836	3.44210982322693	10	-1
837.0	837	3.71365523338318	11	-1
838.0	838	3.9958770275116	12	-1
839.0	839	4.28500127792358	13	-1
840.0	840	4.59888887405396	14	-1
841.0	841	4.90342378616333	15	-1
842.0	842	5.2180323600769	16	-1
843.0	843	5.52192163467407	17	-1
844.0	844	5.80645513534546	18	-1
845.0	845	6.10768175125122	19	-1
846.0	846	0.126523673534393	0	-1
847.0	847	0.421131789684296	1	-1
848.0	848	0.695698916912079	2	-1
849.0	849	0.981555640697479	3	-1
850.0	850	1.27265417575836	4	-1
851.0	851	1.55749332904816	4	-1
852.0	852	1.84270632266998	5	-1
853.0	853	2.13860869407654	6	-1
854.0	854	2.42790198326111	7	-1
855.0	855	2.70487856864929	8	-1
856.0	856	2.99250960350037	9	-1
857.0	857	3.28589034080505	10	-1
858.0	858	3.57051157951355	11	-1
859.0	859	3.83924460411072	12	-1
860.0	860	4.11918592453003	13	-1
861.0	861	4.40505933761597	14	-1
862.0	862	4.68532991409302	14	-1
863.0	863	4.96799516677856	15	-1
864.0	864	5.26471757888794	16	-1
865.0	865	5.55359315872192	17	-1
866.0	866	5.83021306991577	18	-1
867.0	867	6.11900186538696	19	-1
868.0	868	0.134056746959686	0	-1
869.0	869	0.417893588542938	1	-1
870.0	870	0.689466178417206	2	-1
871.0	871	0.972049415111542	3	-1
872.0	872	1.26346695423126	4	-1
873.0	873	1.54373753070831	4	-1
874.0	874	1.8264023065567	5	-1
875.0	875	2.12312483787537	6	-1
876.0	876	2.41200041770935	7	-1
877.0	877	2.6886203289032	8	-1
878.0	878	2.97740912437439	9	-1
879.0	879	3.27564978599548	10	-1
880.0	880	3.55948615074158	11	-1
881.0	881	3.831059217453	12	-1
882.0	882	4.11364126205444	13	-1
883.0	883	4.40505933761597	14	-1
884.0	884	4.68532991409302	14	-1
885.0	885	4.96799516677856	15	-1
886.0	886	5.26471757888794	16	-1
887.0	887	5.55359315872192	17	-1
888.0	888	5.83021306991577	18	-1
889.0	889	6.11900186538696	19	-1
890.0	890	0.134056746959686	0	-1
891.0	891	0.417893588542938	1	-1
892.0	892	0.689466178417206	2	-1
893.0	893	0.972049415111542	3	-1
894.0	894	1.26346695423126	4	-1
895.0	895	1.54373753070831	4	-1
896.0	896	1.8264023065567	5	-1
897.0	897	2.12312483787537	6	-1
898.0	898	2.41200041770935	7	-1
899.0	899	2.6886203289032	8	-1
900.0	900	2.97740912437439	9	-1
901.0	901	3.27564978599548	10	-1
902.0	902	3.55948615074158	11	-1
903.0	903	3.831059217453	12	-1
904.0	904	4.11364126205444	13	-1
905.0	905	4.40505933761597	14	-1
906.0	906	4.68532991409302	14	-1
907.0	907	4.96799516677856	15	-1
908.0	908	5.26471757888794	16	-1
909.0	909	5.55359315872192	17	-1
910.0	910	5.83021306991577	18	-1
911.0	911	6.11900186538696	19	-1
912.0	912	0.134056746959686	0	-1
913.0	913	0.417893588542938	1	-1
914.0	914	0.689466178417206	2	-1
915.0	915	0.972049415111542	3	-1
916.0	916	1.26346695423126	4	-1
917.0	917	1.54373753070831	4	-1
918.0	918	1.8264023065567	5	-1
919.0	919	2.12312483787537	6	-1
920.0	920	2.41200041770935	7	-1
921.0	921	2.6886203289032	8	-1
922.0	922	2.97740912437439	9	-1
923.0	923	3.27564978599548	10	-1
924.0	924	3.55948615074158	11	-1
925.0	925	3.831059217453	12	-1
926.0	926	4.11364126205444	13	-1
927.0	927	4.40505933761597	14	-1
928.0	928	4.68532991409302	14	-1
929.0	929	4.96799516677856	15	-1
930.0	930	5.26471757888794	16	-1
931.0	931	5.55359315872192	17	-1
932.0	932	5.83021306991577	18	-1
933.0	933	6.11900186538696	19	-1
934.0	934	0.134056746959686	0	-1
935.0	935	0.417893588542938	1	-1
936.0	936	0.689466178417206	2	-1
937.0	937	0.972049415111542	3	-1
938.0	938	1.26346695423126	4	-1
939.0	939	1.54373753070831	4	-1
940.0	940	1.8264023065567	5	-1
941.0	941	2.12312483787537	6	-1
942.0	942	2.41200041770935	7	-1
943.0	943	2.6886203289032	8	-1
944.0	944	2.97740912437439	9	-1
945.0	945	3.27564978599548	10	-1
946.0	946	3.55948615074158	11	-1
947.0	947	3.831059217453	12	-1
948.0	948	4.11364126205444	13	-1
949.0	949	4.40505933761597	14	-1
950.0	950	4.68532991409302	14	-1
951.0	951	4.96799516677856	15	-1
952.0	952	5.26471757888794	16	-1
953.0	953	5.55359315872192	17	-1
954.0	954	5.83021306991577	18	-1
955.0	955	6.11900186538696	19	-1
956.0	956	0.134056746959686	0	-1
957.0	957	0.417893588542938	1	-1
958.0	958	0.689466178417206	2	-1
959.0	959	0.972450435161591	3	-1
960.0	960	1.26346695423126	4	-1
961.0	961	1.54373753070831	4	-1
962.0	962	1.8264023065567	5	-1
963.0	963	2.12312483787537	6	-1
964.0	964	2.41200041770935	7	-1
965.0	965	2.6886203289032	8	-1
966.0	966	2.97740912437439	9	-1
967.0	967	3.27564978599548	10	-1
968.0	968	3.55948615074158	11	-1
969.0	969	3.831059217453	12	-1
970.0	970	4.11364126205444	13	-1
971.0	971	4.40505933761597	14	-1
972.0	972	4.68532991409302	14	-1
973.0	973	4.96799516677856	15	-1
974.0	974	5.26471757888794	16	-1
975.0	975	5.55359315872192	17	-1
976.0	976	5.83021306991577	18	-1
977.0	977	6.11900186538696	19	-1
978.0	978	0.134056746959686	0	-1
979.0	979	0.417893588542938	1	-1
980.0	980	0.689466178417206	2	-1
981.0	981	0.972450435161591	3	-1
982.0	982	1.26394760608673	4	-1
983.0	983	1.54373753070831	4	-1
984.0	984	1.8264023065567	5	-1
985.0	985	2.12312483787537	6	-1
986.0	986	2.41200041770935	7	-1
987.0	987	2.6886203289032	8	-1
988.0	988	2.97740912437439	9	-1
989.0	989	3.27633261680603	10	-1
990.0	990	3.55948615074158	11	-1
991.0	991	3.831059217453	12	-1
992.0	992	4.11364126205444	13	-1
993.0	993	4.40505933761597	14	-1
994.0	994	4.68532991409302	14	-1
995.0	995	4.96960592269897	15	-1
996.0	996	5.26750993728638	16	-1
997.0	997	5.55195474624634	17	-1
998.0	998	5.82305192947388	18	-1
999.0	999	6.11068153381348	19	-1
1000.0	1000	0.123885802924633	0	-1
1001.0	1001	0.407333076000214	1	-1
1002.0	1002	0.677859008312225	2	-1
1003.0	1003	0.961082637310028	3	-1
1004.0	1004	1.25294983386993	3	-1
1005.0	1005	1.5342823266983	4	-1
1006.0	1006	1.81967890262604	5	-1
1007.0	1007	2.11973357200623	6	-1
1008.0	1008	2.41412043571472	7	-1
1009.0	1009	2.69527983665466	8	-1
1010.0	1010	2.99231600761414	9	-1
1011.0	1011	3.29833197593689	10	-1
1012.0	1012	3.59429335594177	11	-1
1013.0	1013	3.87287592887878	12	-1
1014.0	1014	4.16449022293091	13	-1
1015.0	1015	4.47235059738159	14	-1
1016.0	1016	4.77359056472778	15	-1
1017.0	1017	5.08618783950806	16	-1
1018.0	1018	5.37986516952515	17	-1
1019.0	1019	5.66515588760376	18	-1
1020.0	1020	5.93718004226685	18	-1
1021.0	1021	6.22116422653198	19	-1
1022.0	1022	0.221504867076874	0	-1
1023.0	1023	0.481973826885223	1	-1
1024.0	1024	0.75267618894577	2	-1
1025.0	1025	1.03066647052765	3	-1
1026.0	1026	1.32195866107941	4	-1
1027.0	1027	1.60034382343292	5	-1
1028.0	1028	1.87993681430817	5	-1
1029.0	1029	2.1761691570282	6	-1
1030.0	1030	2.45843386650085	7	-1
1031.0	1031	2.73181796073914	8	-1
1032.0	1032	3.01325106620789	9	-1
1033.0	1033	3.31125426292419	10	-1
1034.0	1034	3.59907126426697	11	-1
1035.0	1035	3.87182974815369	12	-1
1036.0	1036	4.15832948684692	13	-1
1037.0	1037	4.46402597427368	14	-1
1038.0	1038	4.76587820053101	15	-1
1039.0	1039	5.08046007156372	16	-1
1040.0	1040	5.38304567337036	17	-1
1041.0	1041	5.67822313308716	18	-1
1042.0	1042	5.96236753463745	19	-1
1043.0	1043	6.26395559310913	19	-1
1044.0	1044	0.278214633464813	0	-1
1045.0	1045	0.557996928691864	1	-1
1046.0	1046	0.845747172832489	2	-1
1047.0	1047	1.14469397068024	3	-1
1048.0	1048	1.4584676027298	4	-1
1049.0	1049	1.7610536813736	5	-1
1050.0	1050	2.07317137718201	6	-1
1051.0	1051	2.37393832206726	7	-1
1052.0	1052	2.65762305259705	8	-1
1053.0	1053	2.9480721950531	9	-1
1054.0	1054	3.24799990653992	10	-1
1055.0	1055	3.53385519981384	11	-1
1056.0	1056	3.795565366745	12	-1
1057.0	1057	4.07629632949829	13	-1
1058.0	1058	4.36036920547485	13	-1
1059.0	1059	4.63924932479858	14	-1
1060.0	1060	4.91990041732788	15	-1
1061.0	1061	5.21566152572632	16	-1
1062.0	1062	5.49921941757202	17	-1
1063.0	1063	5.77622842788696	18	-1
1064.0	1064	6.04123067855835	19	-1
1065.0	1065	0.0379468761384487	0	-1
1066.0	1066	0.321508586406708	1	-1
1067.0	1067	0.587235152721405	1	-1
1068.0	1068	0.861950576305389	2	-1
1069.0	1069	1.14790117740631	3	-1
1070.0	1070	1.44945251941681	4	-1
1071.0	1071	1.74439680576324	5	-1
1072.0	1072	2.04883456230164	6	-1
1073.0	1073	2.34614443778992	7	-1
1074.0	1074	2.63010287284851	8	-1
1075.0	1075	2.9220883846283	9	-1
1076.0	1076	3.22474360466003	10	-1
1077.0	1077	3.51411128044128	11	-1
1078.0	1078	3.78678774833679	12	-1
1079.0	1079	4.07018518447876	12	-1
1080.0	1080	4.3614935874939	13	-1
1081.0	1081	4.63953351974487	14	-1
1082.0	1082	4.91942358016968	15	-1
1083.0	1083	5.21566152572632	16	-1
1084.0	1084	5.49921941757202	17	-1
1085.0	1085	5.77622842788696	18	-1
1086.0	1086	6.04123067855835	19	-1
1087.0	1087	0.0407983623445034	0	-1
1088.0	1088	0.314897239208221	1	-1
1089.0	1089	0.580183684825897	1	-1
1090.0	1090	0.855987727642059	2	-1
1091.0	1091	1.13954937458038	3	-1
1092.0	1092	1.44693052768707	4	-1
1093.0	1093	1.74714052677155	5	-1
1094.0	1094	2.05794024467468	6	-1
1095.0	1095	2.36196494102478	7	-1
1096.0	1096	2.64809489250183	8	-1
1097.0	1097	2.95097708702087	9	-1
1098.0	1098	3.25522875785828	10	-1
1099.0	1099	3.55109763145447	11	-1
1100.0	1100	3.82869124412537	12	-1
1101.0	1101	4.11866235733032	13	-1
1102.0	1102	4.41520547866821	14	-1
1103.0	1103	4.69913721084595	14	-1
1104.0	1104	4.98429822921753	15	-1
1105.0	1105	5.28230714797974	16	-1
1106.0	1106	5.57285165786743	17	-1
1107.0	1107	5.85064840316772	18	-1
1108.0	1108	6.13899660110474	19	-1
1109.0	1109	0.1528679728508	0	-1
1110.0	1110	0.434864223003387	1	-1
1111.0	1111	0.703738868236542	2	-1
1112.0	1112	0.98238867521286	3	-1
1113.0	1113	1.26668274402618	4	-1
1114.0	1114	1.54405796527863	4	-1
1115.0	1115	1.82261049747467	5	-1
1116.0	1116	2.11536002159119	6	-1
1117.0	1117	2.40012145042419	7	-1
1118.0	1118	2.67273497581482	8	-1
1119.0	1119	2.95616698265076	9	-1
1120.0	1120	3.24502921104431	10	-1
1121.0	1121	3.525545835495	11	-1
1122.0	1122	3.79276633262634	12	-1
1123.0	1123	4.06907892227173	12	-1
1124.0	1124	4.35346460342407	13	-1
1125.0	1125	4.62760972976685	14	-1
1126.0	1126	4.90564298629761	15	-1
1127.0	1127	5.19814729690552	16	-1
1128.0	1128	5.47920751571655	17	-1
1129.0	1129	5.75228548049927	18	-1
1130.0	1130	6.01652383804321	19	-1
1131.0	1131	0.0167838893830776	0	-1
1132.0	1132	0.297668159008026	0	-1
1133.0	1133	0.56456583738327	1	-1
1134.0	1134	0.841527163982391	2	-1
1135.0	1135	1.13038074970245	3	-1
1136.0	1136	1.43636858463287	4	-1
1137.0	1137	1.73482096195221	5	-1
1138.0	1138	2.0443856716156	6	-1
1139.0	1139	2.34819102287292	7	-1
1140.0	1140	2.63436579704285	8	-1
1141.0	1141	2.93930220603943	9	-1
1142.0	1142	3.24576544761658	10	-1
1143.0	1143	3.54798197746277	11	-1
1144.0	1144	3.8297336101532	12	-1
1145.0	1145	4.12772703170776	13	-1
1146.0	1146	4.43268442153931	14	-1
1147.0	1147	4.72939538955688	15	-1
1148.0	1148	5.03733110427856	16	-1
1149.0	1149	5.33048391342163	17	-1
1150.0	1150	5.61212873458862	17	-1
1151.0	1151	5.8835015296936	18	-1
1152.0	1152	6.14602708816528	19	-1
1153.0	1153	0.125491797924042	0	-1
1154.0	1154	0.383388698101044	1	-1
1155.0	1155	0.649079978466034	2	-1
1156.0	1156	0.916597068309784	2	-1
1157.0	1157	1.19858992099762	3	-1
1158.0	1158	1.50232803821564	4	-1
1159.0	1159	1.79756033420563	5	-1
1160.0	1160	2.10284304618835	6	-1
1161.0	1161	2.3999183177948	7	-1
1162.0	1162	2.67677855491638	8	-1
1163.0	1163	2.9729917049408	9	-1
1164.0	1164	3.27793860435486	10	-1
1165.0	1165	3.57263255119324	11	-1
1166.0	1166	3.84330344200134	12	-1
1167.0	1167	4.13742780685425	13	-1
1168.0	1168	4.43605470657349	14	-1
1169.0	1169	4.72914266586304	15	-1
1170.0	1170	5.03178358078003	16	-1
1171.0	1171	5.32169008255005	16	-1
1172.0	1172	5.5979323387146	17	-1
1173.0	1173	5.86739683151245	18	-1
1174.0	1174	6.12909603118896	19	-1
1175.0	1175	0.108724288642406	0	-1
1176.0	1176	0.367967307567596	1	-1
1177.0	1177	0.630356967449188	2	-1
1178.0	1178	0.901941955089569	2	-1
1179.0	1179	1.19669783115387	3	-1
1180.0	1180	1.50204861164093	4	-1
1181.0	1181	1.80127489566803	5	-1
1182.0	1182	2.11142706871033	6	-1
1183.0	1183	2.40497469902039	7	-1
1184.0	1184	2.68840861320496	8	-1
1185.0	1185	2.99017691612244	9	-1
1186.0	1186	3.29473948478699	10	-1
1187.0	1187	3.59757494926453	11	-1
1188.0	1188	3.87334322929382	12	-1
1189.0	1189	4.1745982170105	13	-1
1190.0	1190	4.48204183578491	14	-1
1191.0	1191	4.78187227249146	15	-1
1192.0	1192	5.09496355056763	16	-1
1193.0	1193	5.39355897903442	17	-1
1194.0	1194	5.6784291267395	18	-1
1195.0	1195	5.95323896408081	18	-1
1196.0	1196	6.24844646453857	19	-1
1197.0	1197	0.254917800426483	0	-1
1198.0	1198	0.526704967021942	1	-1
1199.0	1199	0.803194224834442	2	-1
1200.0	1200	1.09340155124664	3	-1
1201.0	1201	1.3967057466507	4	-1
1202.0	1202	1.69331991672516	5	-1
1203.0	1203	2.00315928459167	6	-1
1204.0	1204	2.29441332817078	7	-1
1205.0	1205	2.57261443138123	8	-1
1206.0	1206	2.84385561943054	9	-1
1207.0	1207	3.13195204734802	9	-1
1208.0	1208	3.40910029411316	10	-1
1209.0	1209	3.68625140190125	11	-1
1210.0	1210	3.95934367179871	12	-1
1211.0	1211	4.24182271957397	13	-1
1212.0	1212	4.54090547561646	14	-1
1213.0	1213	4.83297300338745	15	-1
1214.0	1214	5.13532972335815	16	-1
1215.0	1215	5.42628812789917	17	-1
1216.0	1216	5.70772695541382	18	-1
1217.0	1217	5.97904539108276	19	-1
1218.0	1218	6.2668399810791	19	-1
1219.0	1219	0.270374953746796	0	-1
1220.0	1220	0.537303626537323	1	-1
1221.0	1221	0.812648475170135	2	-1
1222.0	1222	1.09719097614288	3	-1
1223.0	1223	1.39834082126617	4	-1
1224.0	1224	1.69136726856232	5	-1
1225.0	1225	1.99373781681061	6	-1
1226.0	1226	2.2846953868866	7	-1
1227.0	1227	2.56613421440125	8	-1
1228.0	1228	2.83745265007019	9	-1
1229.0	1229	3.12524771690369	9	-1
1230.0	1230	3.40910029411316	10	-1
1231.0	1231	3.67889666557312	11	-1
1232.0	1232	3.95424151420593	12	-1
1233.0	1233	4.24216794967651	13	-1
1234.0	1234	4.54119443893433	14	-1
1235.0	1235	4.83297300338745	15	-1
1236.0	1236	5.13532972335815	16	-1
1237.0	1237	5.42628812789917	17	-1
1238.0	1238	5.70772695541382	18	-1
1239.0	1239	5.97904539108276	19	-1
1240.0	1240	6.2668399810791	19	-1
1241.0	1241	0.270374953746796	0	-1
1242.0	1242	0.537303626537323	1	-1
1243.0	1243	0.812648475170135	2	-1
1244.0	1244	1.0990549325943	3	-1
1245.0	1245	1.39901506900787	4	-1
1246.0	1246	1.69136726856232	5	-1
1247.0	1247	1.9965101480484	6	-1
1248.0	1248	2.28846144676208	7	-1
1249.0	1249	2.57026171684265	8	-1
1250.0	1250	2.83745265007019	9	-1
1251.0	1251	3.12524771690369	9	-1
1252.0	1252	3.41196799278259	10	-1
1253.0	1253	3.67889666557312	11	-1
1254.0	1254	3.95261645317078	12	-1
1255.0	1255	4.23913335800171	13	-1
1256.0	1256	4.54022455215454	14	-1
1257.0	1257	4.83356332778931	15	-1
1258.0	1258	5.13532972335815	16	-1
1259.0	1259	5.42628812789917	17	-1
1260.0	1260	5.70772695541382	18	-1
1261.0	1261	5.97904539108276	19	-1
1262.0	1262	6.2668399810791	19	-1
1263.0	1263	0.270374953746796	0	-1
1264.0	1264	0.537303626537323	1	-1
1265.0	1265	0.812648475170135	2	-1
1266.0	1266	1.0990549325943	3	-1
1267.0	1267	1.3993045091629	4	-1
1268.0	1268	1.69198620319366	5	-1
1269.0	1269	1.99673044681549	6	-1
1270.0	1270	2.2878406047821	7	-1
1271.0	1271	2.56603980064392	8	-1
1272.0	1272	2.83223128318787	9	-1
1273.0	1273	3.11868071556091	9	-1
1274.0	1274	3.40504336357117	10	-1
1275.0	1275	3.67138838768005	11	-1
1276.0	1276	3.94773364067078	12	-1
1277.0	1277	4.23388147354126	13	-1
1278.0	1278	4.53803014755249	14	-1
1279.0	1279	4.8349404335022	15	-1
1280.0	1280	5.1436505317688	16	-1
1281.0	1281	5.43889951705933	17	-1
1282.0	1282	5.72621965408325	18	-1
1283.0	1283	6.03391695022583	19	-1
1284.0	1284	0.0409597083926201	0	-1
1285.0	1285	0.319291472434998	1	-1
1286.0	1286	0.58698308467865	1	-1
1287.0	1287	0.894650638103485	2	-1
1288.0	1288	1.18325388431549	3	-1
1289.0	1289	1.45705711841583	4	-1
1290.0	1290	1.75293505191803	5	-1
1291.0	1291	2.086749792099	6	-1
1292.0	1292	2.37457251548767	7	-1
1293.0	1293	2.65458846092224	8	-1
1294.0	1294	2.93850302696228	9	-1
1295.0	1295	3.26793360710144	10	-1
1296.0	1296	3.53011107444763	11	-1
1297.0	1297	3.82127165794373	12	-1
1298.0	1298	4.07880353927612	13	-1
1299.0	1299	4.38333654403687	13	-1
1300.0	1300	4.65869283676147	14	-1
1301.0	1301	4.96064710617065	15	-1
1302.0	1302	5.30322313308716	16	-1
1303.0	1303	5.62098455429077	17	-1
1304.0	1304	5.93860483169556	18	-1
1305.0	1305	0.0548518821597099	0	-1
1306.0	1306	0.397941946983337	1	-1
1307.0	1307	0.691551566123962	2	-1
1308.0	1308	0.993696570396423	3	-1
1309.0	1309	1.47946512699127	4	-1
1310.0	1310	1.85497057437897	5	-1
1311.0	1311	2.36712241172791	7	-1
1312.0	1312	2.84572958946228	9	-1
1313.0	1313	3.81730723381042	12	-1
